[3, 9, 30]
[3, 36]
[3, 44]
[4, 9, 30]
[4, 36]
[5, 7]
[5, 14, 21]
[5, 14, 30]
[5, 14, 41]
[5, 40, 21]
[5, 40, 30]
[5, 40, 41]
[5, 42, 21]
[5, 42, 30]
[5, 46, 21]
[5, 46, 30]
[7, 4, 6]
[7, 4, 22]
[7, 4, 43]
[7, 18]
[7, 25, 1]
[7, 48, 6]
[7, 48, 22]
[7, 48, 43]
[8, 9]
[10, 1]
[10, 12, 6]
[10, 12, 22]
[10, 12, 43]
[10, 16, 6]
[10, 16, 22]
[10, 16, 43]
[10, 24, 6]
[10, 24, 22]
[10, 24, 43]
[10, 29]
[10, 38, 18]
[10, 39, 6]
[10, 39, 22]
[10, 39, 43]
[10, 47, 37]
[10, 49, 18]
[10, 50, 6]
[10, 50, 22]
[10, 50, 43]
[11, 19]
[11, 24, 9]
[11, 50, 9]
[12, 44, 15]
[12, 44, 25]
