[2, 3, 5]
[2, 3, 27]
[2, 29, 5]
[2, 29, 27]
[2, 30, 6]
[4, 3, 5]
[4, 3, 27]
[4, 29, 5]
[4, 29, 27]
[4, 30, 6]
[7, 21, 10]
[7, 21, 12]
[8, 3, 5]
[8, 3, 27]
[8, 29, 5]
[8, 29, 27]
[8, 30, 6]
[9, 3, 5]
[9, 3, 27]
[9, 29, 5]
[9, 29, 27]
[9, 30, 6]
[13, 10, 5]
[13, 10, 27]
[13, 15, 1]
[13, 15, 6]
[13, 15, 17]
[13, 15, 21]
[13, 24, 16]
[13, 24, 20]
[13, 26, 6]
[13, 26, 21]
[15, 1, 16]
[15, 1, 20]
[15, 17, 5]
[15, 17, 14]
[15, 17, 27]
[15, 21, 10]
[15, 21, 12]
[18, 10, 5]
[18, 10, 27]
[18, 15, 1]
[18, 15, 6]
[18, 15, 17]
[18, 15, 21]
[18, 24, 16]
[18, 24, 20]
[18, 26, 6]
[18, 26, 21]
[19, 2, 3]
[19, 2, 29]
[19, 2, 30]
[19, 7, 6]
[19, 7, 21]
[19, 22, 16]
[19, 22, 20]
[19, 28, 10]
[19, 28, 12]
[19, 28, 24]
[19, 28, 26]
[21, 10, 5]
[21, 10, 27]
[23, 10, 5]
[23, 10, 27]
[23, 15, 1]
[23, 15, 6]
[23, 15, 17]
[23, 15, 21]
[23, 24, 16]
[23, 24, 20]
[23, 26, 6]
[23, 26, 21]
[25, 3, 5]
[25, 3, 27]
[25, 29, 5]
[25, 29, 27]
[25, 30, 6]
[26, 21, 10]
[26, 21, 12]
[28, 10, 5]
[28, 10, 27]
[28, 24, 16]
[28, 24, 20]
[28, 26, 6]
[28, 26, 21]
