[3, 1, 7]
[3, 1, 30]
[3, 28, 7]
[3, 28, 9]
[3, 28, 30]
[10, 11, 18]
[12, 1, 7]
[12, 1, 30]
[12, 10, 11]
[12, 10, 24]
[12, 17, 7]
[12, 17, 9]
[12, 17, 30]
[12, 20, 13]
[12, 20, 25]
[12, 21, 8]
[12, 21, 18]
[12, 21, 29]
[12, 23, 7]
[12, 23, 9]
[12, 23, 30]
[12, 28, 7]
[12, 28, 9]
[12, 28, 30]
[14, 11, 18]
[14, 22, 13]
[15, 11, 18]
[15, 22, 13]
[16, 11, 18]
[16, 22, 13]
[19, 3, 1]
[19, 3, 2]
[19, 3, 5]
[19, 3, 28]
[19, 25, 1]
[19, 25, 5]
[20, 25, 1]
[20, 25, 5]
[21, 8, 30]
[21, 29, 7]
[21, 29, 30]
[25, 1, 7]
[25, 1, 30]
[26, 1, 7]
[26, 1, 30]
[26, 10, 11]
[26, 10, 24]
[26, 17, 7]
[26, 17, 9]
[26, 17, 30]
[26, 20, 13]
[26, 20, 25]
[26, 21, 8]
[26, 21, 18]
[26, 21, 29]
[26, 23, 7]
[26, 23, 9]
[26, 23, 30]
[26, 28, 7]
[26, 28, 9]
[26, 28, 30]
