[1, 14, 12]
[1, 14, 18]
[1, 14, 24]
[1, 14, 26]
[1, 14, 30]
[2, 21, 4]
[2, 21, 17]
[2, 21, 19]
[7, 4, 3]
[7, 4, 9]
[7, 4, 27]
[7, 6, 3]
[7, 6, 5]
[7, 6, 9]
[7, 6, 27]
[7, 16, 3]
[7, 16, 5]
[7, 16, 9]
[7, 16, 27]
[7, 17, 3]
[7, 17, 9]
[7, 17, 27]
[7, 20, 22]
[8, 21, 4]
[8, 21, 17]
[8, 21, 19]
[11, 25, 3]
[11, 25, 5]
[11, 25, 9]
[11, 25, 27]
[13, 25, 3]
[13, 25, 5]
[13, 25, 9]
[13, 25, 27]
[14, 12, 22]
[14, 18, 3]
[14, 18, 5]
[14, 18, 9]
[14, 18, 27]
[14, 24, 4]
[14, 24, 6]
[14, 24, 16]
[14, 24, 17]
[14, 24, 19]
[14, 24, 20]
[14, 26, 3]
[15, 12, 22]
[15, 18, 3]
[15, 18, 5]
[15, 18, 9]
[15, 18, 27]
[15, 24, 4]
[15, 24, 6]
[15, 24, 16]
[15, 24, 17]
[15, 24, 19]
[15, 24, 20]
[15, 26, 3]
[15, 28, 22]
[21, 4, 3]
[21, 4, 9]
[21, 4, 27]
[21, 17, 3]
[21, 17, 9]
[21, 17, 27]
[23, 25, 3]
[23, 25, 5]
[23, 25, 9]
[23, 25, 27]
[24, 4, 3]
[24, 4, 9]
[24, 4, 27]
[24, 6, 3]
[24, 6, 5]
[24, 6, 9]
[24, 6, 27]
[24, 16, 3]
[24, 16, 5]
[24, 16, 9]
[24, 16, 27]
[24, 17, 3]
[24, 17, 9]
[24, 17, 27]
[24, 20, 22]
[29, 14, 12]
[29, 14, 18]
[29, 14, 24]
[29, 14, 26]
[29, 14, 30]
