[2, 9, 24]
[2, 21, 15]
[3, 14, 17]
[4, 3, 1]
[4, 3, 14]
[4, 3, 15]
[4, 3, 23]
[4, 5, 22]
[4, 8, 9]
[4, 8, 21]
[4, 8, 22]
[4, 17, 18]
[6, 21, 15]
[7, 3, 1]
[7, 3, 14]
[7, 3, 15]
[7, 3, 23]
[7, 5, 22]
[7, 8, 9]
[7, 8, 21]
[7, 8, 22]
[7, 17, 18]
[8, 9, 24]
[8, 21, 15]
[12, 14, 17]
[13, 14, 17]
[13, 26, 6]
[13, 26, 20]
[13, 26, 24]
[13, 29, 6]
[13, 29, 16]
[13, 29, 20]
[13, 29, 24]
[13, 29, 30]
[14, 17, 18]
[16, 10, 22]
[19, 10, 22]
[20, 21, 15]
[25, 10, 22]
[26, 6, 21]
[26, 6, 22]
[26, 20, 21]
[26, 20, 22]
[27, 6, 21]
[27, 6, 22]
[27, 12, 1]
[27, 12, 14]
[27, 12, 15]
[27, 12, 23]
[27, 16, 10]
[27, 16, 11]
[27, 16, 18]
[27, 20, 21]
[27, 20, 22]
[27, 30, 21]
[27, 30, 22]
[28, 14, 17]
[28, 26, 6]
[28, 26, 20]
[28, 26, 24]
[29, 6, 21]
[29, 6, 22]
[29, 16, 10]
[29, 16, 11]
[29, 16, 18]
[29, 20, 21]
[29, 20, 22]
[29, 30, 21]
[29, 30, 22]
[30, 21, 15]
