[4, 15, 3]
[4, 15, 5]
[4, 15, 16]
[4, 15, 22]
[4, 15, 23]
[7, 2, 1]
[7, 2, 18]
[7, 2, 21]
[7, 2, 29]
[7, 12, 1]
[7, 19, 1]
[7, 19, 18]
[8, 23, 20]
[9, 10, 1]
[9, 14, 1]
[9, 20, 22]
[9, 27, 13]
[11, 6, 3]
[11, 6, 22]
[11, 13, 1]
[11, 26, 10]
[11, 26, 20]
[15, 23, 20]
[17, 23, 20]
[23, 20, 22]
[24, 2, 1]
[24, 2, 18]
[24, 2, 21]
[24, 2, 29]
[24, 12, 1]
[24, 17, 3]
[24, 17, 5]
[24, 17, 16]
[24, 17, 22]
[24, 17, 23]
[24, 19, 1]
[24, 19, 18]
[26, 10, 1]
[26, 20, 22]
[27, 13, 1]
[28, 2, 1]
[28, 2, 18]
[28, 2, 21]
[28, 2, 29]
[28, 12, 1]
[28, 19, 1]
[28, 19, 18]
[30, 4, 1]
[30, 4, 15]
[30, 4, 18]
[30, 4, 21]
[30, 4, 29]
[30, 23, 20]
