[2, 8, 1]
[2, 8, 3]
[2, 8, 4]
[2, 8, 14]
[2, 8, 19]
[2, 8, 30]
[2, 12, 5]
[2, 12, 27]
[2, 21, 16]
[2, 26, 5]
[2, 26, 27]
[3, 27, 16]
[7, 13, 1]
[7, 13, 3]
[7, 13, 4]
[7, 13, 14]
[7, 13, 19]
[7, 13, 30]
[8, 3, 27]
[8, 14, 6]
[8, 14, 25]
[8, 19, 6]
[8, 19, 25]
[9, 15, 1]
[9, 15, 4]
[9, 15, 30]
[9, 25, 1]
[9, 25, 4]
[10, 3, 27]
[10, 14, 6]
[10, 14, 25]
[10, 19, 6]
[10, 19, 25]
[11, 3, 27]
[11, 14, 6]
[11, 14, 25]
[11, 19, 6]
[11, 19, 25]
[12, 5, 1]
[12, 5, 4]
[12, 27, 16]
[13, 3, 27]
[13, 14, 6]
[13, 14, 25]
[13, 19, 6]
[13, 19, 25]
[14, 25, 1]
[14, 25, 4]
[18, 5, 1]
[18, 5, 4]
[18, 17, 20]
[18, 27, 16]
[19, 25, 1]
[19, 25, 4]
[22, 3, 27]
[22, 14, 6]
[22, 14, 25]
[22, 19, 6]
[22, 19, 25]
[23, 15, 1]
[23, 15, 4]
[23, 15, 30]
[23, 25, 1]
[23, 25, 4]
[24, 13, 1]
[24, 13, 3]
[24, 13, 4]
[24, 13, 14]
[24, 13, 19]
[24, 13, 30]
[26, 5, 1]
[26, 5, 4]
[26, 27, 16]
[28, 5, 1]
[28, 5, 4]
[28, 17, 20]
[28, 27, 16]
[29, 3, 27]
[29, 14, 6]
[29, 14, 25]
[29, 19, 6]
[29, 19, 25]
